level=2
score=0
paddleX=114.29989
paddleW=240.0
shieldLives=0
laserShots=0
ballX=208.81578
ballY=661.0574
ballVX=-453.54733
ballVY=216.32108
bricksCount=7
219.0,50.0,3
172.0,75.0,2
266.0,75.0,1
125.0,100.0,1
313.0,100.0,1
78.0,125.0,2
360.0,125.0,1
