level=2
score=310
paddleX=0.0
paddleW=480.0
shieldLives=0
laserShots=0
ballX=322.31482
ballY=0.0
ballVX=-356.79825
ballVY=1008.7595
bricksCount=6
219.0,50.0,1
172.0,75.0,2
266.0,75.0,1
125.0,100.0,1
78.0,125.0,2
360.0,125.0,2
